9780582777316
073935650
1442416866
059331154
1841883093
9781843541509
006195070
1405910259
0453009115
9781401309657
9787532742387
9780141322643
0684813637
9780874774245
9781443404075
0553714511
9780062741738
1594138869
0394815009
9784444406727
9781938570186
9780307276902
9781604506761
1432847686
0606121552
9780261103665
1576738167
1405514973
9780553138757
9781512093599
9780385342063
0606296794
9783462025248
1623420024
0689105657
0739450484
9780747540731
9781101138144
1509460810
1426810849
140126364
1469222361
0060739533
9781410404657
1416563687
3656594716
0618201076
9782070545902
9780333466308
9788374806480
0521867096
9781250077585
9780060724481
9780425025437
1602855722
1425060080
9781559027830
8426437435
9788379855896
9780231548946
0425274950
6055016702
9781804990148
9780375836671
1405208716
0771034806
9780007586332
9798795006581
9780061959936
1523923865
9780060566227
0007550707
9780316265010
0804179034
0316122394
9780743296427
9780007236916
9784757508712
9780385354288
9780425265956
0373688997
9789100480349
3442268206
0822204509
